	TCGA.BF.A1PX	TCGA.EB.A431	TCGA.EB.A44N	TCGA.EB.A51B	TCGA.FS.A1ZE	TCGA.D9.A6EC	TCGA.FS.A1Z0	TCGA.BF.AAP6	TCGA.BF.AAP8	TCGA.EB.A1NK	TCGA.EB.A3HV	TCGA.EB.A4XL	TCGA.EB.A6R0	TCGA.FR.A728	TCGA.FS.A1ZA	TCGA.FS.A1ZN	TCGA.GF.A769	TCGA.D3.A8GK	TCGA.DA.A1I5	TCGA.DA.A1IA	TCGA.ER.A2ND	TCGA.FS.A1YY	TCGA.GN.A4U3	TCGA.YD.A89C
?|100130426	0	0	0	0	0	0	0	0	0	0	0	0	0	0	0	0	0	0	0	0	0	0	0	0
?|100133144	1.54	22.63	10.07	5.55	49.37	28.36	12.41	14.09	0	4.14	0.02	5.02	81.43	15.33	40.28	27.05	71.03	29.85	0	0	2.74	0	26.18	42.52
?|100134869	3.46	11.37	9.93	2.45	55.63	17.64	14.59	14.91	9	10.86	4.98	5.98	40.57	4.67	35.72	33.95	95.97	24.15	9	3	5.26	9	39.82	156.48
?|10357	348.7	224.78	199.88	349.93	609.24	432.46	1147.22	357.07	154.14	284.33	203.59	311.99	423.77	203.51	429.91	469.63	422.54	146.37	433.42	49.59	190.99	576.14	403.7	594.26
?|10431	2283	2420	840	2287	1487	1334	2460	1470	2399	3804	1295	1318	1621	2819	2697	1324	3762	1616	2001	1389	3803	2265	1096	1816
?|136542	0	0	0	0	0	0	0	0	0	0	0	0	0	0	0	0	0	0	0	0	0	0	0	0
?|155060	114	333	354	725	645	298	613	876	512	376	204	644	3221	594	1149	920	596	252	172	186	343	628	1071	626
?|26823	0	1	1	2	4	0	2	1	1	1	0	3	2	1	1	0	0	2	0	0	0	0	1	0
?|280660	0	0	0	0	0	0	0	0	0	0	0	7	0	1	0	0	0	0	1	0	0	0	0	0
?|317712	0	0	0	0	0	0	0	0	0	0	0	0	0	0	0	0	0	0	0	0	0	0	0	0
?|340602	0	0	2	0	0	0	3	6	1	0	4	0	123	2	14	0	3	5	10	0	1	0	0	0
?|388795	3	5	2	1	1	0	2	2	0	0	1	1	10	0	2	0	12	3	4	0	9	1	2	1
?|390284	9	25	13	12	16	17	20	6	11	18	30	20	14	16	17	34	11	4	10	21	58	21	15	17
?|391343	0	0	0	0	5	2	0	1	0	0	0	0	0	0	0	1	0	0	31	0	0	0	2	0
?|391714	0	1	0	0	0	0	0	1	0	1	0	2	2	0	0	1	0	0	0	1	3	4	1	0
?|404770	0	0	0	0	0	0	0	0	0	0	0	0	0	0	0	0	0	0	0	0	0	0	0	0
?|441362	0	0	0	0	0	0	0	0	0	0	0	0	0	0	0	0	0	0	0	0	0	0	0	0
?|442388	0	0	0	0	0	0	0	0	0	0	0	0	0	0	0	0	0	0	0	0	0	0	0	0
?|553137	0	0	0	0	0	0	0	0	4	0	0	0	0	0	0	0	0	0	0	0	0	0	0	0
?|57714	1830	2616	791	1017	1608	708	2217	2916	233	2145	847	1013	7009	1370	3961	1258	1030	812	1734	3428	581	1348	1391	173
?|645851	9	29	15	22	19	20	18	69	5	4	7	39	116	26	61	40	60	8	8	6	17	14	48	21
?|652919	0	0	0	0	55	0	65.8	4	21	0	0	0	0	0	24.6	36	135	2	0	0	0	0	0	5
?|653553	2386	930	1180	1217	599	1999	538	963	1214	3440	2698	1272	853	1207	782	1378	1284	458	1637	1305	3493	1587	1220	1132
?|728045	0	0	0	0	0	0	0	0	0	0	0	0	0	0	0	0	0	0	0	0	0	0	0	0
?|728603	0	0	0	0	0	0	0	0	0	0	0	0	0	0	0	0	0	0	0	0	0	0	0	0
?|728788	0	0	11	0	2	0	3	0	0	0	5	45	2	0	5	1	3	0	1	0	0	0	4	0
?|729884	2	4	100	3	2	0	0	3	0	6	93	60	0	7	71	652	0	0	2	0	0	1	2	0
?|8225	2570	569	1038	1081	911	4673	1440	2579	1379	3151	3470	1895	2151	2830	2210	1292	1864	916	1816	2179	1714	2814	2791	1559
?|90288	6	7	5	2	1	40	23	7	0	11	7	9	6	14	46	5	8	10	2	47	12	11	9	2
A1BG|1	820.12	360.44	342.62	420.46	624.09	375.5	452.96	1036.88	1965.29	1299	527	545.03	546.01	1224.24	626.57	703.62	281.36	471.73	675.89	746.94	811.47	615.08	647.57	425.71
ABCA1|19	1310	2107	1223.97	3657	1092.97	1931	2660.95	2224.89	1497	6536	1933	1577.96	1927.92	4381.97	481	4611.97	1926.93	656.91	1405	196	1726	931.97	383	759.93
ABCC12|94160	3	0	0	0	0	0	0	0	36	0	0	8	17	0	0	15	1	0	0	0	2	0	0	0
ABHD14A|25864	2553.5	448	618	461.25	444.34	1745.43	635.74	1973.41	856.45	1674	2129.5	967	903.36	1265	982.87	1237.46	1318	745.02	619	2799	1468	2693.4	933	546
ADIPOQ|9370	1	0	5	0	399	1	46	0	0	0	0	1	1	1	154	0	0	0	1	0	1	503	1	0
ADSS|159	3077	3033	3536	4450	5544	5420	6719	9758	1286	4979	2668	2888	4728	3336	7566	6868	6595	4402	6326	1735	2276	6197	3748	3608
BST2|684	17724	5910	4558	1909	283	38461	8915	12158	4511	1280	11628	7351	44326	29444	1297	1550	6213	715	11180	7739	1313	803	10725	375
BTN2A2|10385	2593	2450	2282	8283	5427	2706	2530	1376	1174	3073	1298	3709	8501	5015	2284	9850	2583	949	2479	1374	1464	3395	2534	1033
C20orf152|140894	2	14	3	8	791	7	1	5	10	15	4	3	1	2	4	1	9	3	3	0	3	5	1	4
C20orf7|79133	475	323	231	563	970	777	527	688	495	416	228	297	708	218	480	476	516	119	573	73	1112	1695	405	541
C4orf40|401137	0	0	9	0	1	0	1	0	0	0	0	0	0	1	0	0	0	0	0	0	0	0	0	0
C5orf35|133383	495	629	195	206	925	71	249	433	94	467	252	379	349	358	530	305	474	347	143	272	348	597	354	416
CDCA4|55038	2555	1789	1484	1758	1295	2007	2440	3878	697	1604	1726	1986	2177	1800	2826	1635	3867	3271	1411	1928	1169	2623	1295	1732
CDHR1|92211	2136	20	1001	61	6	1	18	6	18	558	693	1136	23	24	17	231	2	45	26	46	18	5	0	1
CIB2|10518	506	420	287	226	324	1057	443	1501	484	3424	711	302	482	160	1174	331	3084	1470	931	2043	736	884	876	2865
CIDEC|63924	3.36	3	4	3.44	88	14	8.64	1	1.13	4.46	0	2	3.04	1	37	13.11	1.2	3.67	9	8.11	23	102	2	3.49
CKM|1158	6	1	3	4	1	2	7	15	2	8	6	1	15	9	12	2	0	0	12	3	7	9	0	1
CLASP1|23332	5695	2533	2912	3703	9573	3092	6388	6219	1924	6220	5324	4042	3138	3467	6635	7953	7038	5542	3458	2445	2303	4388	3801	7269
CLDN16|10686	3	4	1	1	0	15	0	1	0	0	2	2	3	2	0	3	0	0	1	0	0	0	0	0
CLEC2A|387836	11	2	9	0	0	0	0	1	0	16	2	42	1	2	0	1	0	0	0	0	0	0	0	0
CXCL10|3627	3158	405	1086	7478	125	1449	6855	130	127	275	23	4238	31134	3035	1479	154	122	3	2894	10	402	43	83	48
CXCL9|4283	12518	889	2469	6975	975	910	25277	141	284	869	137	8600	10459	3132	11030	234	151	52	17003	68	2526	160	202	182
CXorf40B|541578	1598	2677	724	1676	1257	2377	1031	1461	422	1781	1151	1269	1580	1362	1273	1317	937	630	1692	1847	945	2164	621	1094
CXorf61|203413	0	0	0	0	0	0	0	0	0	0	0	0	0	3	0	0	0	0	0	0	0	0	0	0
CYP1A1|1543	72	590	920	8	31	31	1	92	56	88	140	104	18	738	40	102	45	10	202	23	303	331	3	9
CYP3A4|1576	15	4	11	1	4	37	0	1	1940	3	2	7	4	0	0	5	2	0	1	0	1	0	0	2
CYS1|192668	198	2	52	7	57	28	6	37	17	75	84	38	7	29	6	5	4	4	44	47	56	86	781	3
DALRD3|55152	1915.55	2265.38	1057.05	2582.37	2816.24	3489.64	1324.02	2822.51	639.79	5425.8	2625.85	1421.5	2419.84	2229.35	2806.73	2376.83	1568.95	2178.82	1387.53	4220.75	1420.85	4123.89	2704.56	1825.27
DGAT2|84649	1291	60	2143	662	490	2105	60	1513	395	772	2561	1723	953	486	890	588	279	515	153	494	318	385	3	83
DHODH|1723	289	563	360	701	433	852	392	940	467	1484	552	442	485	606	1198	729	724	629	796	520	257	1105	490	625
EVX1|2128	0	0	0	0	53	0	0	0	0	0	0	0	0	0	0	0	0	0	0	0	1	1	0	0
EXT1|2131	3631	1229	2024	1549	1828	2701	3713	3142	3596	5060	2774	2224	2173	3061	1813	2289	1523	1879	2355	1425	3694	4136	1983	5028
FAM75C1|441452	1	2	0	0	2	0	126	1	0	0	0	0	0	1	32	1	0	0	0	0	0	0	0	102
FAM90A1|55138	28	11	36	9	0	4	27	44	6	25	186	156	3	9	3	146	2	65	53	6	200	4	0	0
GAGE2C|2574	0	0	0	0	0	346.46	0	20.61	0	9.74	0	0	165.65	70.89	4.58	0	2.94	0	8.4	4.3	0	0	0	0
GALNTL1|57452	173	21	212	15	200	8	64	11	56	61	114	36	16	15	138	29	7	2	74	195	35	149	24	9
GJD4|219770	0	0	1	0	0	0	1	0	2	0	0	0	0	0	0	1	2	0	0	0	1	0	0	1
GLMN|11146	244	263	294	367	294	684	618	580	469	243	53	402	475	205	627	530	406	129	341	2	246	760	463	400
GPAT2|150763	133	16	67	6913	3868	49	28	14	19	85	74	93	19	100	31	39	9	4	101	53	51	95	20	9
GPN2|54707	958	1442	586	680	798	1673	683	1296	229	1751	1325	423	580	984	1376	966	696	849	1131	1448	473	754	1213	594
HLA-DQA1|3117	4054	802	2934	101019	1071	2200	11324	2378	656	3151	9127	2136	16384	5235	3433	1887	195	229	6785	164	1465	550	361	588
HMGB4|127540	0	0	0	0	0	0	0	0	0	0	0	0	0	0	0	0	0	0	0	0	0	0	0	0
HMGXB4|10042	1156	1809	941	943	3130	2028	2367	2418	616	1467	840	1173	1598	1178	3314	1637	2258	1101	1449	338	1066	1070	1407	1589
HNRNPH2|3188	5863	5532	4021	7523	6211	8303	8584	8974	4803	8999	6131	4629	9147	7968	7740	8051	4596	4639	7024	4347	6909	9439	3507	4579
IFI6|2537	40631	19944	10002	7238	775	85592	2318	23515	2793	5950	23454	7908	73557	47540	4546	6932	8285	2049	4235	12817	11415	1091	5444	233
IFITM1|8519	27669	1227	5779	34766	875	20308	12294	1524	1610	4165	15114	8597	92764	23965	2512	6616	8869	804	5239	1511	1776	3200	778	2335
IFNG|3458	163	2	4	27	3	6	180	2	3	11	1	30	259	61	79	9	3	0	37	0	25	2	2	1
IFT122|55764	1325	1016	749	891	2227	3140	1577	1462	266	4008	1719	1896	1731	653	3073	1469	1555	670	1140	3333	1128	2197	1798	1340
IFT172|26160	773	1320	802	1536	1055	2429	2259	1131	998	2038	2554	2080	1628	1313	3209	1822	2075	1427	832	3529	1689	1969	2132	3188
IFT80|57560	334.66	2272.04	765.33	716	2509.97	2627.87	1824.11	1499.05	210.07	710.59	297.71	1102.8	2301.99	1059.03	2105.33	2653.94	1560.07	381	584.43	104	1620.19	1597.73	2343	899.68
IGFL1|374918	2741	0	2142	498	0	0	0	0	0	1747	129	673	1	0	3	156	0	0	0	1	0	3	0	0
IGLL1|3543	0	1	0	0	0	0	0	0	0	0	0	0	0	0	1	0	0	0	0	0	3	0	0	0
IGSF9B|22997	26	4	39	2	176	2	5	50	6	7	53	9	5	12	246	6	87	28	1	46	93	374	14	9
IKZF3|22806	140	23	33	1	8	2	382	3	1	6	11	35	159	42	149	12	1	1	37	2	1	2	3	2
IL17C|27189	1	0	4	1	0	0	0	7	2	0	0	0	1	1	1	0	3	1	0	4	0	0	1	2
IL18BP|10068	5111.36	203.8	486.22	848.48	425.74	481.25	2453.88	671.47	582.17	1017.43	984.47	1292.76	2954.44	2445.49	2286.05	549.91	255.34	146.38	2389	301.8	623.55	516.06	442.91	277.71
KCNC2|3747	1	9	9	1	0	0	541	0	0	0	15	4	12	2	1	4	1	0	1	0	0	0	7	0
KCNJ11|3767	11	21	18	2	7	3	3	10	30	6	154	24	0	70	89	12	49	20	9	4	8	5	11	5
KIAA1432|57589	2015.95	679.92	1070	1639.97	2620.54	1290.96	3209.87	2742.73	857.97	1300.93	760.99	1169.89	6166.42	1096.87	1955.71	2859.55	1581.54	1588.95	1355.82	348	565.98	1906.91	808.62	1209.73
KIAA1586|57691	196	314	302	417	442	611	1783	328	573	179	95	362	802	157	701	381	413	132	356	27	549	478	478	482
KIAA1841|84542	216	299	194	575	636	669	379	519	226	218	145	246	416	288	588	450	662	290	312	58	428	302	408	740
KIDINS220|57498	3265	3106	2853	4412	3329	4251	6625	6408	4500	4241	5569	6256	3330	3052	7062	10504	7682	1946	3703	1478	3550	5412	5115	6682
KIF9|64147	306.59	313	137	152	563.84	683.72	367	309.63	78	528.78	404	250	275	323	534.41	487	301	147	241	459.47	262	630.78	457	359
KLF10|7071	4795	1840	4075	3691	2548	973	3398	3050	1089	2001	2941	3249	2004	1424	1833	2765	2219	1063	2441	795	295	4028	2462	1141
KLHDC8B|200942	4840	3444	1245	3732	3534	2139	4600	3632	4974	6540	2423	2661	1252	4364	1247	1777	2734	1190	2643	5073	1140	1756	2783	5067
KLHL4|56062	7	315	3	39	72	2	47	3	8	4	2	13	3	37	11	8	1	1	5	0	38	30	1	7
LANCL3|347404	20	7	3	2	14	6	11	1	2	6	21	5	6	10	2	8	1	14	6	0	15	5	3	0
LBR|3930	1780	1519	1035	2341	1574	1130	7554	5664	785	805	625	801	2580	1131	6231	2094	3470	2094	4744	553	742	803	1878	1329
LOC283174|283174	122	6	51	4	767	5	11	60	44	19	126	50	12	23	584	14	386	14	19	82	118	495	67	121
LOC284798|284798	0	1	0	4	0	23	0	22	0	0	1	1	4	0	0	0	0	1	0	0	0	0	0	1
MBIP|51562	641	1281	614	708	1126	1105	1354	873	742	564	399	1182	1249	542	717	1495	1109	526	505	223	738	1118	995	812
MCCD1|401250	0	0	0	0	0	0	0	0	0	0	0	0	0	0	0	0	0	0	0	0	0	0	0	0
MIMT1|100073347	0	2	0	27	54	0	43	0	0	0	0	0	0	0	0	0	0	0	0	0	0	0	0	0
MLEC|9761	27525	24289	13613	19788	26548	16083	21289	32219	12300	39911	13556	14034	43181	24573	19312	34250	17553	17045	13518	26748	12549	40901	5932	13348
MTSS1L|92154	4508	2164	3436	6750	10027	4838	8198	5482	20941	5981	7458	8290	5159	4863	5889	10291	4956	5110	2867	13180	2651	9635	4388	9811
MUTED|63915	945	1285	593	642	2029.75	840	2533	1117	546	759	456	593	948	456	1898	2214	1470	406	799	283	682	1052	1425	1515
NBPF14|25832	528.22	368.14	781.58	1136.3	1297.45	291.66	749.28	1178.69	366.7	423	503.95	1078.99	1761.22	922.29	574.63	1165.36	455.69	609.15	311.16	168.01	582.33	1555.3	1293.1	468.43
NCF4|4689	2010	171	469	182	95	130	699	216	635	618	672	386	383	1010	453	132	188	44	948	141	382	243	300	166
OR2M5|127059	0	0	0	0	0	0	0	0	0	0	0	0	0	1	0	0	0	0	0	0	0	0	0	0
OR4A47|403253	0	0	0	0	0	0	0	0	0	0	0	0	0	1	0	0	0	0	0	0	0	0	0	0
P2RY13|53829	318	32	101	51	42	13	308	21	126	65	77	134	62	268	151	23	25	7	244	7	148	26	28	15
P4HA2|8974	2722	2208	1479	3213	2864	2639	1030	3123	1108	9950	4294	1593	1639	5148	10097	1852	9518	2943	1869	3211	4422	5022	3370	1430
PACSIN1|29993	95	17	70	32	38	41	41	15	108	67	10	54	39	61	19	4	130	3	56	15	8	2	57	4
PADI6|353238	1	2	0	0	1	0	0	0	0	0	0	0	1	2	0	0	0	0	2	18	7	0	0	0
PAGE5|90737	0	0	0	0	0	3	0	499	0	0	3	4	10320	219	0	0	4410	1	2519	0	2	0	1	6
PAK4|10298	5190	3891	2647	3394	3997	7372	2928	8754	2558	4569	5542	2645	3158	2871	3404	3733	3767	4693	3266	8232	10102	7201	3600	3086
PAOX|196743	391	179	152	39	199	208	187	153	59	741	267	181	97	332	401	82	215	55	259	110	95	88	120	52
PAPPA2|60676	0	31	0	1	3	0	0	2	0	0	3	1	4	67	4	1	1	1	1	0	0	0	0	0
PCDH15|65217	0	3	1	374	44	0	32	0	0	0	0	8	0	8	0	0	0	0	0	0	0	0	1	131
PCDHB16|57717	37	92	492	621	70	36	734	106	62	156	433	426	1515	1903	382	1317	314	14	115	201	76	649	4	313
PEG3|5178	18	183	27	10104.98	6438.78	4.19	6255.11	8	10.41	47.41	39	36.18	4	74.86	20.78	15	23.62	1	23	0	20	75.89	14.54	0
PEX5|5830	2391	2815	1641	3385	4819	4261	1779	3345	866	3924	3424	3464	4101	1481	2699	3275	1863	2757	2254	4268	1868	5574	3157	1948
PKDCC|91461	163	22	184	20	1994	141	799	37	685	178	57	190	77	292	541	74	86	148	343	85	4186	480	102	7866
PLA2G2F|64600	34	0	667	16	0	0	0	0	0	79	216	200	1	0	0	164	0	0	0	0	0	3	0	0
PLAA|9373	1664	868	1063	1345	2414	3175	3308	2949	1639	2598	993	848	3555.97	1981	3284	2930.95	2395	1178	675	885	1332	2666	1096	2005
PLAUR|5329	2251	802	887	2219	234	4979	1020	2928	283	4062	3757	572	914	2601	1373	1218	3255	891	6689	1008	1271	1672	2323	923
PLCL2|23228	265	145	136	46	128	1948	499	496	103	434	84	150	1207	183	450	64	813	565	688	153	114	161	337	104
PLEK2|26499	662	115	434	150	167	457	178	493	588	655	260	393	305	284	29	629	370	1149	195	222	110	169	359	14
PLIN1|5346	0	5	5	2	254	6	12	1	8	12	6	10	4	3	69	22	19	1	10	0	23	348	23	56
PLIN3|10226	7170	2071	4072	5425	3415	7605	3461	6009	1506	10288	8012	3191	2866	6546	9439	7846	6070	3731	5020	5984	2886	7225	3194	3406
PLIN4|729359	78	28	61	10	1153	8	107	50	68	15	83	22	54	21	386	15	29	30	8	69	89	1053	9	12
PLXDC2|84898	958	78	751	58	247	164	547	161	81	502	1156	370	320	521	320	329	89	19	619	27	436	949	18	18
PLXNA2|5362	2419	358	1236	204	977	2724	3364	4415	2852	1198	2606	1855	926	788	642	1573	6944	878	1392	659	305	14346	14212	1719
PLXNA3|55558	752	873	720	2204	1915	1432	1377	1713	970	4258	2244	1845	429	4205	2441	1736	1878	865	1495	2006	2060	3217	2838	3573
PMS1|5378	395	624	503	801	1068	892	1277	834	582	625	166	608	659	420	1612	1072	1239	299	758	44	479	582	1042	1323
PNPLA1|285848	159	1	319	3	3	1	2	1	0	81	446	132	6	3	6	90	0	0	0	0	3	2	4	2
PPP2R2D|55844	1496	1157	521	742	1530	960	1119	847	1164	1929	822	1133	993	1075	1243	817	1094	1122	914	700	2395	1249	819	1558
PPY2|23614	0	0	0	0	0	1	0	0	0	0	0	0	0	0	0	0	0	0	0	0	0	0	0	0
RPL23AP64|649946	3	5	3	13	3	0	4	40	3	0	0	4	20	10	13	18	9	3	0	0	1	9	5	4
RPL4|6124	74790	70476	41616	93691	135484	35091	79529	53876	110118	93012	92388	113078	52430	56420	173118	95411	114132	104427	70403	47808	136521	115820	105589	189948
RPS25|6230	16933	4830	7354	11681	12908	8416	11074	26096	30227	21889	12723	12896	15684	14809	20161	18396	23379	22989	16037	13481	22065	22993	17014	40365
RPSAP52|204010	3	6	7	5	26	106	70	1	0	1	43	4	7	65	1	25	44	22	67	3	9	0	3	252
SCN1B|6324	1352	375	258	354	163	2036	685	290	355	344	790	434	333	462	148	4627	743	51	285	231	655	619	126	96
SCUBE1|80274	125	696	4	2	2	2	16	26	41	76	115	7	6	8	5	6	1	4	26	6	190	6	3	1
SFRS13A|10772	2574	3392	2819	5220	4449	3349	5898	4566	2274	2127	1296	3698	4928	2279	4703	5149	4184	2396	3407	706	2678	3344	5961	4213
SFXN3|81855	4658	4693	2385	5979	8024	5419	2245	5297	4659	12683	4759	2971	3009	6836	8014	3321	5186	2784	3270	5479	5265	10166	3829	2923
SLC16A10|117247	295	71	232	300	66	149	20	195	38	98	252	449	943	82	58	130	49	93	617	111	97	684	14	18
SLC1A3|6507	1260	97	671	60	106	1311	2826	1079	103	1698	567	885	3996	486	380	113	389	22	2259	230	435	365	1253	31
SLC8A3|6547	68	1	7	0	3	2	98	0	0	1	1	4	2	2	6	1	3	0	5	1	0	7	0	0
SLFN5|162394	1152	2954	731	3033	1561	989	4130	1444	309	1357	961	750	8209	2800	3824	3196	1980	357	733	966	733	3987	453	125
SNTG1|54212	14	0	0	0	0	0	13	0	0	0	0	46	0	2	0	2	58	0	0	0	0	0	0	0
SNX4|8723	1232	2083	1273	1585	2410	2909	3167	3505	628	1992	853	1859	2172	1076	2790	2395	2030	847	2435	399	1675	2652	2967	1598
SOST|50964	0	0	6	1	1	1	7	4	0	5	9	5	0	3	0	25	0	0	0	0	0	0	0	40
SP5|389058	82	13	53	113	8	42	3	0	14	3	166	15	1	19	5	13	5	5	32	64	8	19	1	0
STAT4|6775	310	16	99	61	61	12	265	28	35	41	19	101	139	118	76	33	9	0	279	4	42	6	67	163
STBD1|8987	828.72	612.38	318.12	816.13	182.32	630.47	339.74	1398.68	353	1723.76	237.73	194.17	1116.84	48	1453.57	346.7	587.51	488.31	1150.05	5	1135	177.75	893.3	50
STK32A|202374	521	408	478	580	3602	645	401	1023	1127	1930	914	530	603	402	467	9174	1218	471	257	1104	116	2525	621	202
STK38L|23012	522	2569	962	1154	3135	2923	1760	1152	673	709	429	1461	1373	447	1711	2421	1213	375	1451	138	1518	1129	893	1983
STRADB|55437	3268	947	864	1975	815	2692	1944	2424	7198	2478	791	741	1031	2236	680	1799	1630	1623	1929	1608	28	3108	5307	1611
STXBP4|252983	110	332	136	169	433	294	463	220	130	253	58	160	279	217	1019	496	595	134	117	46	204	432	198	229
TLE6|79816	5	30	7	18	7	187	2	44	49	224	49	3	5	68	140	35	513	193	3	255	27	235	188	0
TLR5|7100	307	20	129	19	64	183	141	35	75	97	204	88	20	65	707	83	274	34	126	143	85	56	159	30
TM6SF1|53346	183	218	92	95	136	69	354	122	105	59	85	97	157	154	162	349	144	13	300	16	61	134	130	397
TMC1|117531	1	6	3	3	0	1	2	0	0	1	0	2	1	3	17	2	3	0	0	0	4	0	1	3
TMEM107|84314	1109	743	352	442	624	1873	584	649	161	902	934	363	858	751	932	575	1270	480	639	886	593	837	659	206
TMEM135|65084	838	882	346	1386	752	1023	2117	2561	1757	1364	476	607	2751	844	935	1394	1163	921	772	189	645	1491	494	726
TUSC5|286753	2	0	0	2	58	0	5	1	1	2	2	2	1	1	25	0	1	0	0	2	4	78	0	0
TXNRD2|10587	2303	1391	872	1037	1657	1753	1268	1824	1677	3881	1815	1193	1535	1831	1682	1932	1229	619	1514	2919	2653	11150	769	1635
UBD|10537	7173	274	1033	12595	285	677	9459	373	354	291	103	1937	11218	2564	2194	302	20	42	2661	150	215	54	72	178
UBE2Q2P1|388165	12	23	27	41	19	15	14	25	25	8	17	47	66	32	70	57	83	11	1	2	22	31	81	69
ZIM2|23619	0	3	0	58.02	87.62	0	36.89	0	0	0	0	1	0	1.14	1.22	0	0	0	0	2	0	0	0	0
ZNF101|94039	314	169	153	205	249	232	444	334	158	165	153	147	482	207	360	341	190	133	283	67	215	276	197	132
